[gd_scene load_steps=10 format=3 uid="uid://c7jiy5fy2l5ag"]

[ext_resource type="PackedScene" uid="uid://dufwwawvco6og" path="res://player.tscn" id="1_ig7tw"]

[sub_resource type="BoxShape3D" id="BoxShape3D_ig7tw"]

[sub_resource type="BoxMesh" id="BoxMesh_0xm2m"]

[sub_resource type="StandardMaterial3D" id="StandardMaterial3D_ig7tw"]
vertex_color_use_as_albedo = true
albedo_color = Color(1, 0, 0, 1)
metallic_specular = 0.0
ao_enabled = true

[sub_resource type="PhysicalSkyMaterial" id="PhysicalSkyMaterial_7dm0k"]
energy_multiplier = 3.0

[sub_resource type="Sky" id="Sky_ig7tw"]
sky_material = SubResource("PhysicalSkyMaterial_7dm0k")
process_mode = 3

[sub_resource type="Environment" id="Environment_0xm2m"]
background_mode = 2
sky = SubResource("Sky_ig7tw")
ambient_light_source = 3
ambient_light_sky_contribution = 0.5
reflected_light_source = 2
tonemap_mode = 3
ssao_enabled = true
ssil_enabled = true
sdfgi_use_occlusion = true
glow_enabled = true
glow_normalized = true
fog_enabled = true

[sub_resource type="BoxShape3D" id="BoxShape3D_0xm2m"]

[sub_resource type="BoxMesh" id="BoxMesh_7dm0k"]

[node name="Main" type="Node3D"]

[node name="Ground" type="StaticBody3D" parent="."]

[node name="CollisionShape3D" type="CollisionShape3D" parent="Ground"]
transform = Transform3D(50, 0, 0, 0, 1, 0, 0, 0, 50, -0.0436473, 0.0144129, 0.0120816)
shape = SubResource("BoxShape3D_ig7tw")
debug_color = Color(1, 1, 1, 1)

[node name="MeshInstance3D" type="MeshInstance3D" parent="Ground"]
transform = Transform3D(50, 0, 0, 0, 1, 0, 0, 0, 50, 0, 0, 0)
mesh = SubResource("BoxMesh_0xm2m")
surface_material_override/0 = SubResource("StandardMaterial3D_ig7tw")

[node name="DirectionalLight3D" type="DirectionalLight3D" parent="."]
transform = Transform3D(-0.707107, 0.353553, -0.612372, 0, 0.866026, 0.5, 0.707107, 0.353553, -0.612372, 0, 10, 0)
shadow_enabled = true

[node name="WorldEnvironment" type="WorldEnvironment" parent="."]
environment = SubResource("Environment_0xm2m")

[node name="Player" parent="." instance=ExtResource("1_ig7tw")]
transform = Transform3D(1, 0, 0, 0, 1, 0, 0, 0, 1, -0.785301, 1.72306, -0.0424089)
move_bob_amp = 0.05
move_bob_freq = 8.0

[node name="StaticBody3D" type="StaticBody3D" parent="."]

[node name="CollisionShape3D" type="CollisionShape3D" parent="StaticBody3D"]
transform = Transform3D(0.776607, 0, -0.629985, 0, 1, 0, 0.629985, 0, 0.776607, -0.15, 1, 3.5)
shape = SubResource("BoxShape3D_0xm2m")

[node name="MeshInstance3D" type="MeshInstance3D" parent="StaticBody3D"]
transform = Transform3D(0.776607, 0, -0.629985, 0, 1, 0, 0.629985, 0, 0.776607, -0.15, 1, 3.5)
mesh = SubResource("BoxMesh_7dm0k")
skeleton = NodePath("../..")
